(kicad_pcb (version 20171130) (host pcbnew 5.1.5+dfsg1-2build2)

  (general
    (thickness 1.6)
    (drawings 32)
    (tracks 184)
    (zones 0)
    (modules 96)
    (nets 6)
  )

  (page A4)
  (layers
    (0 F.Cu signal hide)
    (31 B.Cu signal hide)
    (32 B.Adhes user)
    (33 F.Adhes user)
    (34 B.Paste user)
    (35 F.Paste user)
    (36 B.SilkS user)
    (37 F.SilkS user)
    (38 B.Mask user)
    (39 F.Mask user)
    (40 Dwgs.User user)
    (41 Cmts.User user)
    (42 Eco1.User user)
    (43 Eco2.User user)
    (44 Edge.Cuts user)
    (45 Margin user)
    (46 B.CrtYd user)
    (47 F.CrtYd user)
    (48 B.Fab user)
    (49 F.Fab user)
  )

  (setup
    (last_trace_width 0.25)
    (user_trace_width 0.5)
    (user_trace_width 0.75)
    (trace_clearance 0.2)
    (zone_clearance 0.508)
    (zone_45_only no)
    (trace_min 0.2)
    (via_size 0.8)
    (via_drill 0.4)
    (via_min_size 0.4)
    (via_min_drill 0.3)
    (uvia_size 0.3)
    (uvia_drill 0.1)
    (uvias_allowed no)
    (uvia_min_size 0.2)
    (uvia_min_drill 0.1)
    (edge_width 0.05)
    (segment_width 0.2)
    (pcb_text_width 0.3)
    (pcb_text_size 1.5 1.5)
    (mod_edge_width 0.12)
    (mod_text_size 1 1)
    (mod_text_width 0.15)
    (pad_size 1.524 1.524)
    (pad_drill 0.762)
    (pad_to_mask_clearance 0.051)
    (solder_mask_min_width 0.25)
    (aux_axis_origin 0 0)
    (visible_elements FFFFFF7F)
    (pcbplotparams
      (layerselection 0x010fc_ffffffff)
      (usegerberextensions true)
      (usegerberattributes false)
      (usegerberadvancedattributes false)
      (creategerberjobfile false)
      (excludeedgelayer true)
      (linewidth 0.100000)
      (plotframeref false)
      (viasonmask false)
      (mode 1)
      (useauxorigin false)
      (hpglpennumber 1)
      (hpglpenspeed 20)
      (hpglpendiameter 15.000000)
      (psnegative false)
      (psa4output false)
      (plotreference true)
      (plotvalue false)
      (plotinvisibletext false)
      (padsonsilk false)
      (subtractmaskfromsilk true)
      (outputformat 1)
      (mirror false)
      (drillshape 0)
      (scaleselection 1)
      (outputdirectory "gerber/"))
  )

  (net 0 "")
  (net 1 "Net-(C2-Pad2)")
  (net 2 GND)
  (net 3 "Net-(C3-Pad2)")
  (net 4 Input)
  (net 5 Output)

  (net_class Default "This is the default net class."
    (clearance 0.2)
    (trace_width 0.25)
    (via_dia 0.8)
    (via_drill 0.4)
    (uvia_dia 0.3)
    (uvia_drill 0.1)
    (add_net GND)
    (add_net Input)
    (add_net "Net-(C2-Pad2)")
    (add_net "Net-(C3-Pad2)")
    (add_net Output)
  )

  (module Xenir:PCB-SMA-EDGE (layer F.Cu) (tedit 6390BCD2) (tstamp 6394B79C)
    (at 154.01524 146.3695)
    (path /6393BB21)
    (fp_text reference J1 (at -0.75 0.75) (layer F.SilkS)
      (effects (font (size 1 1) (thickness 0.15)))
    )
    (fp_text value PCB_SMA_EDGE (at -4.65836 5.10032 90) (layer F.Fab) hide
      (effects (font (size 1 1) (thickness 0.15)))
    )
    (fp_line (start 2.7686 1.5) (end 2.77114 8.75) (layer F.CrtYd) (width 0.05))
    (fp_line (start 2.7686 1.5) (end -3 1.5) (layer F.CrtYd) (width 0.05))
    (fp_line (start 2.77114 8.75) (end -3 8.75) (layer F.CrtYd) (width 0.05))
    (fp_line (start -3 1.5) (end -3 8.75) (layer F.CrtYd) (width 0.05))
    (fp_text user %R (at -0.75 -0.5) (layer F.Fab)
      (effects (font (size 0.98 0.98) (thickness 0.15)))
    )
    (pad 1 smd roundrect (at -0.01016 5.15874) (size 5 1.4) (layers F.Cu F.Paste F.Mask) (roundrect_rratio 0.25))
    (pad 2 smd roundrect (at -0.02794 2.73812) (size 5 1.4) (layers F.Cu F.Paste F.Mask) (roundrect_rratio 0.25))
    (pad 2 smd roundrect (at -0.01016 7.57936) (size 5 1.4) (layers F.Cu F.Paste F.Mask) (roundrect_rratio 0.25))
    (pad 2 smd roundrect (at -0.01524 2.7305) (size 5 1.4) (layers B.Cu F.Paste F.Mask) (roundrect_rratio 0.25))
    (pad 2 smd roundrect (at -0.02286 7.55904) (size 5 1.4) (layers B.Cu F.Paste F.Mask) (roundrect_rratio 0.25))
  )

  (module Xenir:trimcap (layer F.Cu) (tedit 5E9CBB72) (tstamp 6394B78E)
    (at 120.3 129.2 90)
    (path /5E9DC9D6)
    (fp_text reference VC1 (at 0.25 1 90) (layer F.SilkS)
      (effects (font (size 1 1) (thickness 0.15)))
    )
    (fp_text value 40pF (at 0 -0.5 90) (layer F.Fab)
      (effects (font (size 1 1) (thickness 0.15)))
    )
    (fp_poly (pts (xy -0.35 7.7) (xy 0.35 7.7) (xy 0.35 5.3) (xy -0.35 5.3)) (layer F.SilkS) (width 0))
    (fp_circle (center 0 6.5) (end 1.6 6.5) (layer F.SilkS) (width 0.1524))
    (fp_arc (start 0 6.496154) (end 1.05 3.8) (angle 128.646369) (layer F.SilkS) (width 0.254))
    (fp_line (start 1.45 9) (end -1.45 9) (layer F.Fab) (width 0.254))
    (fp_arc (start 0 6.496154) (end -1.45 9) (angle 128.646369) (layer F.SilkS) (width 0.254))
    (fp_poly (pts (xy -1.2 6.85) (xy 1.2 6.85) (xy 1.2 6.15) (xy -1.2 6.15)) (layer F.SilkS) (width 0))
    (fp_arc (start 0 6.5) (end -1.05 3.8) (angle 42.501011) (layer F.Fab) (width 0.254))
    (pad 2 thru_hole circle (at 0 9 90) (size 2.54 2.54) (drill 1) (layers *.Cu *.Mask)
      (solder_mask_margin 0.1016))
    (pad 1 thru_hole rect (at 0 4 90) (size 2.54 2.54) (drill 1) (layers *.Cu *.Mask)
      (solder_mask_margin 0.1016))
  )

  (module Xenir:PCB-SMA-EDGE (layer F.Cu) (tedit 6390BCD2) (tstamp 6394B77C)
    (at 193.51524 128.2695)
    (path /6393CE58)
    (fp_text reference J2 (at -0.75 0.75) (layer F.SilkS)
      (effects (font (size 1 1) (thickness 0.15)))
    )
    (fp_text value PCB_SMA_EDGE (at -4.65836 5.10032 90) (layer F.Fab) hide
      (effects (font (size 1 1) (thickness 0.15)))
    )
    (fp_text user %R (at -0.75 -0.5) (layer F.Fab)
      (effects (font (size 0.98 0.98) (thickness 0.15)))
    )
    (fp_line (start -3 1.5) (end -3 8.75) (layer F.CrtYd) (width 0.05))
    (fp_line (start 2.77114 8.75) (end -3 8.75) (layer F.CrtYd) (width 0.05))
    (fp_line (start 2.7686 1.5) (end -3 1.5) (layer F.CrtYd) (width 0.05))
    (fp_line (start 2.7686 1.5) (end 2.77114 8.75) (layer F.CrtYd) (width 0.05))
    (pad 2 smd roundrect (at -0.02286 7.55904) (size 5 1.4) (layers B.Cu F.Paste F.Mask) (roundrect_rratio 0.25))
    (pad 2 smd roundrect (at -0.01524 2.7305) (size 5 1.4) (layers B.Cu F.Paste F.Mask) (roundrect_rratio 0.25))
    (pad 2 smd roundrect (at -0.01016 7.57936) (size 5 1.4) (layers F.Cu F.Paste F.Mask) (roundrect_rratio 0.25))
    (pad 2 smd roundrect (at -0.02794 2.73812) (size 5 1.4) (layers F.Cu F.Paste F.Mask) (roundrect_rratio 0.25))
    (pad 1 smd roundrect (at -0.01016 5.15874) (size 5 1.4) (layers F.Cu F.Paste F.Mask) (roundrect_rratio 0.25))
  )

  (module "Xenir:Capacitor 1206" (layer B.Cu) (tedit 5EAEEA25) (tstamp 6394B76B)
    (at 173.4 134.7)
    (path /5E9E81AF)
    (fp_text reference C4 (at 0 -0.5) (layer B.SilkS)
      (effects (font (size 0.5 0.5) (thickness 0.125)) (justify mirror))
    )
    (fp_text value 10pF (at 0.5 -4) (layer B.Fab)
      (effects (font (size 0.5 0.5) (thickness 0.125)) (justify mirror))
    )
    (fp_text user %R (at 0 -2.25) (layer B.Fab)
      (effects (font (size 0.8 0.8) (thickness 0.12)) (justify mirror))
    )
    (fp_line (start -1.6 -3.05) (end -1.6 -1.45) (layer B.Fab) (width 0.1))
    (fp_line (start 2.28 -1.13) (end 2.28 -3.37) (layer B.CrtYd) (width 0.05))
    (fp_line (start -1.6 -1.45) (end 1.6 -1.45) (layer B.Fab) (width 0.1))
    (fp_line (start -2.28 -3.37) (end -2.28 -1.13) (layer B.CrtYd) (width 0.05))
    (fp_line (start -0.602064 -1.34) (end 0.602064 -1.34) (layer B.SilkS) (width 0.12))
    (fp_line (start -0.602064 -3.16) (end 0.602064 -3.16) (layer B.SilkS) (width 0.12))
    (fp_line (start -2.28 -1.13) (end 2.28 -1.13) (layer B.CrtYd) (width 0.05))
    (fp_line (start 2.28 -3.37) (end -2.28 -3.37) (layer B.CrtYd) (width 0.05))
    (fp_line (start 1.6 -3.05) (end -1.6 -3.05) (layer B.Fab) (width 0.1))
    (fp_line (start 1.6 -1.45) (end 1.6 -3.05) (layer B.Fab) (width 0.1))
    (pad 2 smd roundrect (at 1.4 -2.25) (size 1.25 1.75) (layers B.Cu B.Paste B.Mask) (roundrect_rratio 0.2))
    (pad 1 smd roundrect (at -1.4 -2.25) (size 1.25 1.75) (layers B.Cu B.Paste B.Mask) (roundrect_rratio 0.2))
  )

  (module Xenir:trimcap (layer F.Cu) (tedit 5E9CBB72) (tstamp 6394B75E)
    (at 120.3 138.3 90)
    (path /5E9E8F97)
    (fp_text reference VC6 (at 0.25 1 90) (layer F.SilkS)
      (effects (font (size 1 1) (thickness 0.15)))
    )
    (fp_text value 40pF (at 0 -0.5 90) (layer F.Fab)
      (effects (font (size 1 1) (thickness 0.15)))
    )
    (fp_poly (pts (xy -0.35 7.7) (xy 0.35 7.7) (xy 0.35 5.3) (xy -0.35 5.3)) (layer F.SilkS) (width 0))
    (fp_circle (center 0 6.5) (end 1.6 6.5) (layer F.SilkS) (width 0.1524))
    (fp_arc (start 0 6.496154) (end 1.05 3.8) (angle 128.646369) (layer F.SilkS) (width 0.254))
    (fp_line (start 1.45 9) (end -1.45 9) (layer F.Fab) (width 0.254))
    (fp_arc (start 0 6.496154) (end -1.45 9) (angle 128.646369) (layer F.SilkS) (width 0.254))
    (fp_poly (pts (xy -1.2 6.85) (xy 1.2 6.85) (xy 1.2 6.15) (xy -1.2 6.15)) (layer F.SilkS) (width 0))
    (fp_arc (start 0 6.5) (end -1.05 3.8) (angle 42.501011) (layer F.Fab) (width 0.254))
    (pad 2 thru_hole circle (at 0 9 90) (size 2.54 2.54) (drill 1) (layers *.Cu *.Mask)
      (solder_mask_margin 0.1016))
    (pad 1 thru_hole rect (at 0 4 90) (size 2.54 2.54) (drill 1) (layers *.Cu *.Mask)
      (solder_mask_margin 0.1016))
  )

  (module Connector_PinHeader_2.54mm:PinHeader_1x03_P2.54mm_Vertical (layer F.Cu) (tedit 59FED5CC) (tstamp 6394B748)
    (at 109 131.1)
    (descr "Through hole straight pin header, 1x03, 2.54mm pitch, single row")
    (tags "Through hole pin header THT 1x03 2.54mm single row")
    (path /63942654)
    (fp_text reference J3 (at 0 -2.33) (layer F.SilkS)
      (effects (font (size 1 1) (thickness 0.15)))
    )
    (fp_text value Conn_01x03_Female (at 0 7.41) (layer F.Fab) hide
      (effects (font (size 1 1) (thickness 0.15)))
    )
    (fp_line (start -0.635 -1.27) (end 1.27 -1.27) (layer F.Fab) (width 0.1))
    (fp_line (start 1.27 -1.27) (end 1.27 6.35) (layer F.Fab) (width 0.1))
    (fp_line (start 1.27 6.35) (end -1.27 6.35) (layer F.Fab) (width 0.1))
    (fp_line (start -1.27 6.35) (end -1.27 -0.635) (layer F.Fab) (width 0.1))
    (fp_line (start -1.27 -0.635) (end -0.635 -1.27) (layer F.Fab) (width 0.1))
    (fp_line (start -1.33 6.41) (end 1.33 6.41) (layer F.SilkS) (width 0.12))
    (fp_line (start -1.33 1.27) (end -1.33 6.41) (layer F.SilkS) (width 0.12))
    (fp_line (start 1.33 1.27) (end 1.33 6.41) (layer F.SilkS) (width 0.12))
    (fp_line (start -1.33 1.27) (end 1.33 1.27) (layer F.SilkS) (width 0.12))
    (fp_line (start -1.33 0) (end -1.33 -1.33) (layer F.SilkS) (width 0.12))
    (fp_line (start -1.33 -1.33) (end 0 -1.33) (layer F.SilkS) (width 0.12))
    (fp_line (start -1.8 -1.8) (end -1.8 6.85) (layer F.CrtYd) (width 0.05))
    (fp_line (start -1.8 6.85) (end 1.8 6.85) (layer F.CrtYd) (width 0.05))
    (fp_line (start 1.8 6.85) (end 1.8 -1.8) (layer F.CrtYd) (width 0.05))
    (fp_line (start 1.8 -1.8) (end -1.8 -1.8) (layer F.CrtYd) (width 0.05))
    (fp_text user %R (at 0 2.54 90) (layer F.Fab)
      (effects (font (size 1 1) (thickness 0.15)))
    )
    (pad 1 thru_hole rect (at 0 0) (size 1.7 1.7) (drill 1) (layers *.Cu *.Mask))
    (pad 2 thru_hole oval (at 0 2.54) (size 1.7 1.7) (drill 1) (layers *.Cu *.Mask))
    (pad 3 thru_hole oval (at 0 5.08) (size 1.7 1.7) (drill 1) (layers *.Cu *.Mask))
    (model ${KISYS3DMOD}/Connector_PinHeader_2.54mm.3dshapes/PinHeader_1x03_P2.54mm_Vertical.wrl
      (at (xyz 0 0 0))
      (scale (xyz 1 1 1))
      (rotate (xyz 0 0 0))
    )
  )

  (module Xenir:PCB-SMA-EDGE (layer F.Cu) (tedit 6390BCD2) (tstamp 6394B738)
    (at 107.51524 128.3695)
    (path /6393BB21)
    (fp_text reference J1 (at -0.75 0.75) (layer F.SilkS)
      (effects (font (size 1 1) (thickness 0.15)))
    )
    (fp_text value PCB_SMA_EDGE (at -4.65836 5.10032 90) (layer F.Fab) hide
      (effects (font (size 1 1) (thickness 0.15)))
    )
    (fp_line (start 2.7686 1.5) (end 2.77114 8.75) (layer F.CrtYd) (width 0.05))
    (fp_line (start 2.7686 1.5) (end -3 1.5) (layer F.CrtYd) (width 0.05))
    (fp_line (start 2.77114 8.75) (end -3 8.75) (layer F.CrtYd) (width 0.05))
    (fp_line (start -3 1.5) (end -3 8.75) (layer F.CrtYd) (width 0.05))
    (fp_text user %R (at -0.75 -0.5) (layer F.Fab)
      (effects (font (size 0.98 0.98) (thickness 0.15)))
    )
    (pad 1 smd roundrect (at -0.01016 5.15874) (size 5 1.4) (layers F.Cu F.Paste F.Mask) (roundrect_rratio 0.25))
    (pad 2 smd roundrect (at -0.02794 2.73812) (size 5 1.4) (layers F.Cu F.Paste F.Mask) (roundrect_rratio 0.25))
    (pad 2 smd roundrect (at -0.01016 7.57936) (size 5 1.4) (layers F.Cu F.Paste F.Mask) (roundrect_rratio 0.25))
    (pad 2 smd roundrect (at -0.01524 2.7305) (size 5 1.4) (layers B.Cu F.Paste F.Mask) (roundrect_rratio 0.25))
    (pad 2 smd roundrect (at -0.02286 7.55904) (size 5 1.4) (layers B.Cu F.Paste F.Mask) (roundrect_rratio 0.25))
  )

  (module "Xenir:Capacitor 1206" (layer B.Cu) (tedit 5EAEEA25) (tstamp 6394B728)
    (at 173.4 137.35)
    (path /5E9E8D24)
    (fp_text reference C3 (at 0 -0.5) (layer B.SilkS)
      (effects (font (size 0.5 0.5) (thickness 0.125)) (justify mirror))
    )
    (fp_text value 5pF (at 0.5 -4) (layer B.Fab)
      (effects (font (size 0.5 0.5) (thickness 0.125)) (justify mirror))
    )
    (fp_text user %R (at 0 -2.25) (layer B.Fab)
      (effects (font (size 0.8 0.8) (thickness 0.12)) (justify mirror))
    )
    (fp_line (start -1.6 -3.05) (end -1.6 -1.45) (layer B.Fab) (width 0.1))
    (fp_line (start 2.28 -1.13) (end 2.28 -3.37) (layer B.CrtYd) (width 0.05))
    (fp_line (start -1.6 -1.45) (end 1.6 -1.45) (layer B.Fab) (width 0.1))
    (fp_line (start -2.28 -3.37) (end -2.28 -1.13) (layer B.CrtYd) (width 0.05))
    (fp_line (start -0.602064 -1.34) (end 0.602064 -1.34) (layer B.SilkS) (width 0.12))
    (fp_line (start -0.602064 -3.16) (end 0.602064 -3.16) (layer B.SilkS) (width 0.12))
    (fp_line (start -2.28 -1.13) (end 2.28 -1.13) (layer B.CrtYd) (width 0.05))
    (fp_line (start 2.28 -3.37) (end -2.28 -3.37) (layer B.CrtYd) (width 0.05))
    (fp_line (start 1.6 -3.05) (end -1.6 -3.05) (layer B.Fab) (width 0.1))
    (fp_line (start 1.6 -1.45) (end 1.6 -3.05) (layer B.Fab) (width 0.1))
    (pad 2 smd roundrect (at 1.4 -2.25) (size 1.25 1.75) (layers B.Cu B.Paste B.Mask) (roundrect_rratio 0.2))
    (pad 1 smd roundrect (at -1.4 -2.25) (size 1.25 1.75) (layers B.Cu B.Paste B.Mask) (roundrect_rratio 0.2))
  )

  (module Connector_PinHeader_2.54mm:PinHeader_1x03_P2.54mm_Vertical (layer F.Cu) (tedit 59FED5CC) (tstamp 6394B712)
    (at 192 130.9)
    (descr "Through hole straight pin header, 1x03, 2.54mm pitch, single row")
    (tags "Through hole pin header THT 1x03 2.54mm single row")
    (path /639440FF)
    (fp_text reference J4 (at 0 -2.33) (layer F.SilkS)
      (effects (font (size 1 1) (thickness 0.15)))
    )
    (fp_text value Conn_01x03_Female (at 0 7.41) (layer F.Fab) hide
      (effects (font (size 1 1) (thickness 0.15)))
    )
    (fp_text user %R (at 0 2.54 90) (layer F.Fab)
      (effects (font (size 1 1) (thickness 0.15)))
    )
    (fp_line (start 1.8 -1.8) (end -1.8 -1.8) (layer F.CrtYd) (width 0.05))
    (fp_line (start 1.8 6.85) (end 1.8 -1.8) (layer F.CrtYd) (width 0.05))
    (fp_line (start -1.8 6.85) (end 1.8 6.85) (layer F.CrtYd) (width 0.05))
    (fp_line (start -1.8 -1.8) (end -1.8 6.85) (layer F.CrtYd) (width 0.05))
    (fp_line (start -1.33 -1.33) (end 0 -1.33) (layer F.SilkS) (width 0.12))
    (fp_line (start -1.33 0) (end -1.33 -1.33) (layer F.SilkS) (width 0.12))
    (fp_line (start -1.33 1.27) (end 1.33 1.27) (layer F.SilkS) (width 0.12))
    (fp_line (start 1.33 1.27) (end 1.33 6.41) (layer F.SilkS) (width 0.12))
    (fp_line (start -1.33 1.27) (end -1.33 6.41) (layer F.SilkS) (width 0.12))
    (fp_line (start -1.33 6.41) (end 1.33 6.41) (layer F.SilkS) (width 0.12))
    (fp_line (start -1.27 -0.635) (end -0.635 -1.27) (layer F.Fab) (width 0.1))
    (fp_line (start -1.27 6.35) (end -1.27 -0.635) (layer F.Fab) (width 0.1))
    (fp_line (start 1.27 6.35) (end -1.27 6.35) (layer F.Fab) (width 0.1))
    (fp_line (start 1.27 -1.27) (end 1.27 6.35) (layer F.Fab) (width 0.1))
    (fp_line (start -0.635 -1.27) (end 1.27 -1.27) (layer F.Fab) (width 0.1))
    (pad 3 thru_hole oval (at 0 5.08) (size 1.7 1.7) (drill 1) (layers *.Cu *.Mask))
    (pad 2 thru_hole oval (at 0 2.54) (size 1.7 1.7) (drill 1) (layers *.Cu *.Mask))
    (pad 1 thru_hole rect (at 0 0) (size 1.7 1.7) (drill 1) (layers *.Cu *.Mask))
    (model ${KISYS3DMOD}/Connector_PinHeader_2.54mm.3dshapes/PinHeader_1x03_P2.54mm_Vertical.wrl
      (at (xyz 0 0 0))
      (scale (xyz 1 1 1))
      (rotate (xyz 0 0 0))
    )
  )

  (module "Xenir:T37 Transformer" (layer F.Cu) (tedit 5EBB1CE0) (tstamp 6394B6D3)
    (at 137.853999 126.7)
    (path /5E9E9ADC)
    (fp_text reference T2 (at 0.3 1.1) (layer F.SilkS)
      (effects (font (size 0.7 0.7) (thickness 0.15)))
    )
    (fp_text value 31:6 (at 0 -0.1) (layer F.Fab)
      (effects (font (size 0.7 0.7) (thickness 0.15)))
    )
    (fp_circle (center 4.7625 1.92) (end 4.9869 1.92) (layer F.Fab) (width 0.4064))
    (fp_line (start -2.54 3.825) (end 2.54 4.46) (layer F.SilkS) (width 0.127))
    (fp_line (start -2.54 10.81) (end 2.54 11.445) (layer F.SilkS) (width 0.127))
    (fp_line (start -2.54 4.46) (end 2.54 5.095) (layer F.SilkS) (width 0.127))
    (fp_line (start -2.54 10.175) (end 2.54 10.81) (layer F.SilkS) (width 0.127))
    (fp_line (start -2.54 8.27) (end 2.54 8.905) (layer F.SilkS) (width 0.127))
    (fp_line (start -2.54 2.555) (end 2.54 3.19) (layer F.SilkS) (width 0.127))
    (fp_line (start -2.54 6.365) (end 2.54 7) (layer F.SilkS) (width 0.127))
    (fp_line (start -2.54 5.73) (end 2.54 6.365) (layer F.SilkS) (width 0.127))
    (fp_line (start -2.54 11.445) (end 2.54 12.08) (layer F.SilkS) (width 0.127))
    (fp_line (start -2.54 3.19) (end 2.54 3.825) (layer F.SilkS) (width 0.127))
    (fp_circle (center 4.9213 4.6188) (end 5.1457 4.6188) (layer F.Fab) (width 0.4064))
    (fp_line (start -2.54 8.905) (end 2.54 9.54) (layer F.SilkS) (width 0.127))
    (fp_arc (start 2.54 4.7775) (end 2.54 4.46) (angle 180) (layer F.SilkS) (width 0.127))
    (fp_arc (start -2.54 10.4925) (end -2.54 10.81) (angle 180) (layer F.SilkS) (width 0.127))
    (fp_arc (start -2.54 8.5875) (end -2.54 8.905) (angle 180) (layer F.SilkS) (width 0.127))
    (fp_arc (start -2.54 4.1425) (end -2.54 4.46) (angle 180) (layer F.SilkS) (width 0.127))
    (fp_line (start 2.54 8.905) (end 2.54 7) (layer F.SilkS) (width 0.127))
    (fp_line (start 2.54 10.81) (end 2.54 9.54) (layer F.SilkS) (width 0.127))
    (fp_line (start -2.54 10.81) (end -2.54 11.445) (layer F.SilkS) (width 0.127))
    (fp_line (start -2.54 3.19) (end -2.54 3.825) (layer F.SilkS) (width 0.127))
    (fp_line (start 2.54 1.92) (end -2.54 1.92) (layer F.SilkS) (width 0.127))
    (fp_arc (start 2.54 2.8725) (end 2.54 2.555) (angle 180) (layer F.SilkS) (width 0.127))
    (fp_line (start 2.54 4.46) (end 2.54 3.825) (layer F.SilkS) (width 0.127))
    (fp_line (start 2.54 12.08) (end 2.54 11.445) (layer F.SilkS) (width 0.127))
    (fp_arc (start -2.54 2.8725) (end -2.54 3.19) (angle 180) (layer F.SilkS) (width 0.127))
    (fp_line (start -2.54 6.365) (end -2.54 8.27) (layer F.SilkS) (width 0.127))
    (fp_line (start -2.54 1.92) (end 2.54 2.555) (layer F.SilkS) (width 0.127))
    (fp_arc (start -2.54 2.2375) (end -2.54 2.555) (angle 180) (layer F.SilkS) (width 0.127))
    (fp_line (start 2.54 6.365) (end 2.54 5.095) (layer F.SilkS) (width 0.127))
    (fp_arc (start -2.54 11.7625) (end -2.54 12.08) (angle 180) (layer F.SilkS) (width 0.127))
    (fp_arc (start 2.54 11.1275) (end 2.54 10.81) (angle 180) (layer F.SilkS) (width 0.127))
    (fp_line (start -2.54 12.08) (end 2.54 12.08) (layer F.SilkS) (width 0.127))
    (fp_line (start -2.54 8.905) (end -2.54 10.175) (layer F.SilkS) (width 0.127))
    (fp_line (start -2.54 4.46) (end -2.54 5.73) (layer F.SilkS) (width 0.127))
    (fp_arc (start 2.54 9.2225) (end 2.54 8.905) (angle 180) (layer F.SilkS) (width 0.127))
    (fp_arc (start 2.54 3.5075) (end 2.54 3.19) (angle 180) (layer F.SilkS) (width 0.127))
    (fp_arc (start -2.54 6.0475) (end -2.54 6.365) (angle 180) (layer F.SilkS) (width 0.127))
    (fp_line (start 2.54 2.555) (end 2.54 1.92) (layer F.SilkS) (width 0.127))
    (fp_arc (start 2.54 6.6825) (end 2.54 6.365) (angle 180) (layer F.SilkS) (width 0.127))
    (pad C2A thru_hole circle (at -3.81 8.27) (size 1.778 1.778) (drill 0.6) (layers *.Cu *.Mask)
      (solder_mask_margin 0.1016))
    (pad C2B thru_hole circle (at 3.81 3.19) (size 1.778 1.778) (drill 0.6) (layers *.Cu *.Mask)
      (solder_mask_margin 0.1016))
    (pad C1A thru_hole circle (at -3.81 10.81) (size 1.778 1.778) (drill 0.6) (layers *.Cu *.Mask)
      (solder_mask_margin 0.1016))
    (pad C1B thru_hole circle (at 3.81 5.73) (size 1.778 1.778) (drill 0.6) (layers *.Cu *.Mask)
      (solder_mask_margin 0.1016))
  )

  (module "Xenir:Capacitor 1206" (layer B.Cu) (tedit 5EAEEA25) (tstamp 6394B6C2)
    (at 124.9 133.8 90)
    (path /5E9E667F)
    (fp_text reference C2 (at 0 -0.5 90) (layer B.SilkS)
      (effects (font (size 0.5 0.5) (thickness 0.125)) (justify mirror))
    )
    (fp_text value 150pF (at 0.5 -4 90) (layer B.Fab)
      (effects (font (size 0.5 0.5) (thickness 0.125)) (justify mirror))
    )
    (fp_line (start 1.6 -1.45) (end 1.6 -3.05) (layer B.Fab) (width 0.1))
    (fp_line (start 1.6 -3.05) (end -1.6 -3.05) (layer B.Fab) (width 0.1))
    (fp_line (start 2.28 -3.37) (end -2.28 -3.37) (layer B.CrtYd) (width 0.05))
    (fp_line (start -2.28 -1.13) (end 2.28 -1.13) (layer B.CrtYd) (width 0.05))
    (fp_line (start -0.602064 -3.16) (end 0.602064 -3.16) (layer B.SilkS) (width 0.12))
    (fp_line (start -0.602064 -1.34) (end 0.602064 -1.34) (layer B.SilkS) (width 0.12))
    (fp_line (start -2.28 -3.37) (end -2.28 -1.13) (layer B.CrtYd) (width 0.05))
    (fp_line (start -1.6 -1.45) (end 1.6 -1.45) (layer B.Fab) (width 0.1))
    (fp_line (start 2.28 -1.13) (end 2.28 -3.37) (layer B.CrtYd) (width 0.05))
    (fp_line (start -1.6 -3.05) (end -1.6 -1.45) (layer B.Fab) (width 0.1))
    (fp_text user %R (at 0 -2.25 90) (layer B.Fab)
      (effects (font (size 0.8 0.8) (thickness 0.12)) (justify mirror))
    )
    (pad 1 smd roundrect (at -1.4 -2.25 90) (size 1.25 1.75) (layers B.Cu B.Paste B.Mask) (roundrect_rratio 0.2))
    (pad 2 smd roundrect (at 1.4 -2.25 90) (size 1.25 1.75) (layers B.Cu B.Paste B.Mask) (roundrect_rratio 0.2))
  )

  (module "Xenir:T37 Transformer" (layer F.Cu) (tedit 5EBB1CE0) (tstamp 6394B693)
    (at 116.19 126.8)
    (path /5E9D7159)
    (fp_text reference T1 (at 0.3 1.1) (layer F.SilkS)
      (effects (font (size 0.7 0.7) (thickness 0.15)))
    )
    (fp_text value 6:31 (at 0 -0.1) (layer F.Fab)
      (effects (font (size 0.7 0.7) (thickness 0.15)))
    )
    (fp_circle (center 4.7625 1.92) (end 4.9869 1.92) (layer F.Fab) (width 0.4064))
    (fp_line (start -2.54 3.825) (end 2.54 4.46) (layer F.SilkS) (width 0.127))
    (fp_line (start -2.54 10.81) (end 2.54 11.445) (layer F.SilkS) (width 0.127))
    (fp_line (start -2.54 4.46) (end 2.54 5.095) (layer F.SilkS) (width 0.127))
    (fp_line (start -2.54 10.175) (end 2.54 10.81) (layer F.SilkS) (width 0.127))
    (fp_line (start -2.54 8.27) (end 2.54 8.905) (layer F.SilkS) (width 0.127))
    (fp_line (start -2.54 2.555) (end 2.54 3.19) (layer F.SilkS) (width 0.127))
    (fp_line (start -2.54 6.365) (end 2.54 7) (layer F.SilkS) (width 0.127))
    (fp_line (start -2.54 5.73) (end 2.54 6.365) (layer F.SilkS) (width 0.127))
    (fp_line (start -2.54 11.445) (end 2.54 12.08) (layer F.SilkS) (width 0.127))
    (fp_line (start -2.54 3.19) (end 2.54 3.825) (layer F.SilkS) (width 0.127))
    (fp_circle (center 4.9213 4.6188) (end 5.1457 4.6188) (layer F.Fab) (width 0.4064))
    (fp_line (start -2.54 8.905) (end 2.54 9.54) (layer F.SilkS) (width 0.127))
    (fp_arc (start 2.54 4.7775) (end 2.54 4.46) (angle 180) (layer F.SilkS) (width 0.127))
    (fp_arc (start -2.54 10.4925) (end -2.54 10.81) (angle 180) (layer F.SilkS) (width 0.127))
    (fp_arc (start -2.54 8.5875) (end -2.54 8.905) (angle 180) (layer F.SilkS) (width 0.127))
    (fp_arc (start -2.54 4.1425) (end -2.54 4.46) (angle 180) (layer F.SilkS) (width 0.127))
    (fp_line (start 2.54 8.905) (end 2.54 7) (layer F.SilkS) (width 0.127))
    (fp_line (start 2.54 10.81) (end 2.54 9.54) (layer F.SilkS) (width 0.127))
    (fp_line (start -2.54 10.81) (end -2.54 11.445) (layer F.SilkS) (width 0.127))
    (fp_line (start -2.54 3.19) (end -2.54 3.825) (layer F.SilkS) (width 0.127))
    (fp_line (start 2.54 1.92) (end -2.54 1.92) (layer F.SilkS) (width 0.127))
    (fp_arc (start 2.54 2.8725) (end 2.54 2.555) (angle 180) (layer F.SilkS) (width 0.127))
    (fp_line (start 2.54 4.46) (end 2.54 3.825) (layer F.SilkS) (width 0.127))
    (fp_line (start 2.54 12.08) (end 2.54 11.445) (layer F.SilkS) (width 0.127))
    (fp_arc (start -2.54 2.8725) (end -2.54 3.19) (angle 180) (layer F.SilkS) (width 0.127))
    (fp_line (start -2.54 6.365) (end -2.54 8.27) (layer F.SilkS) (width 0.127))
    (fp_line (start -2.54 1.92) (end 2.54 2.555) (layer F.SilkS) (width 0.127))
    (fp_arc (start -2.54 2.2375) (end -2.54 2.555) (angle 180) (layer F.SilkS) (width 0.127))
    (fp_line (start 2.54 6.365) (end 2.54 5.095) (layer F.SilkS) (width 0.127))
    (fp_arc (start -2.54 11.7625) (end -2.54 12.08) (angle 180) (layer F.SilkS) (width 0.127))
    (fp_arc (start 2.54 11.1275) (end 2.54 10.81) (angle 180) (layer F.SilkS) (width 0.127))
    (fp_line (start -2.54 12.08) (end 2.54 12.08) (layer F.SilkS) (width 0.127))
    (fp_line (start -2.54 8.905) (end -2.54 10.175) (layer F.SilkS) (width 0.127))
    (fp_line (start -2.54 4.46) (end -2.54 5.73) (layer F.SilkS) (width 0.127))
    (fp_arc (start 2.54 9.2225) (end 2.54 8.905) (angle 180) (layer F.SilkS) (width 0.127))
    (fp_arc (start 2.54 3.5075) (end 2.54 3.19) (angle 180) (layer F.SilkS) (width 0.127))
    (fp_arc (start -2.54 6.0475) (end -2.54 6.365) (angle 180) (layer F.SilkS) (width 0.127))
    (fp_line (start 2.54 2.555) (end 2.54 1.92) (layer F.SilkS) (width 0.127))
    (fp_arc (start 2.54 6.6825) (end 2.54 6.365) (angle 180) (layer F.SilkS) (width 0.127))
    (pad C2A thru_hole circle (at -3.81 8.27) (size 1.778 1.778) (drill 0.6) (layers *.Cu *.Mask)
      (solder_mask_margin 0.1016))
    (pad C2B thru_hole circle (at 3.81 3.19) (size 1.778 1.778) (drill 0.6) (layers *.Cu *.Mask)
      (solder_mask_margin 0.1016))
    (pad C1A thru_hole circle (at -3.81 10.81) (size 1.778 1.778) (drill 0.6) (layers *.Cu *.Mask)
      (solder_mask_margin 0.1016))
    (pad C1B thru_hole circle (at 3.81 5.73) (size 1.778 1.778) (drill 0.6) (layers *.Cu *.Mask)
      (solder_mask_margin 0.1016))
  )

  (module "Xenir:T37 Transformer" (layer F.Cu) (tedit 5EBB1CE0) (tstamp 6394B664)
    (at 162.69 126.8)
    (path /5E9D7159)
    (fp_text reference T1 (at 0.3 1.1) (layer F.SilkS)
      (effects (font (size 0.7 0.7) (thickness 0.15)))
    )
    (fp_text value 6:31 (at 0 -0.1) (layer F.Fab)
      (effects (font (size 0.7 0.7) (thickness 0.15)))
    )
    (fp_arc (start 2.54 6.6825) (end 2.54 6.365) (angle 180) (layer F.SilkS) (width 0.127))
    (fp_line (start 2.54 2.555) (end 2.54 1.92) (layer F.SilkS) (width 0.127))
    (fp_arc (start -2.54 6.0475) (end -2.54 6.365) (angle 180) (layer F.SilkS) (width 0.127))
    (fp_arc (start 2.54 3.5075) (end 2.54 3.19) (angle 180) (layer F.SilkS) (width 0.127))
    (fp_arc (start 2.54 9.2225) (end 2.54 8.905) (angle 180) (layer F.SilkS) (width 0.127))
    (fp_line (start -2.54 4.46) (end -2.54 5.73) (layer F.SilkS) (width 0.127))
    (fp_line (start -2.54 8.905) (end -2.54 10.175) (layer F.SilkS) (width 0.127))
    (fp_line (start -2.54 12.08) (end 2.54 12.08) (layer F.SilkS) (width 0.127))
    (fp_arc (start 2.54 11.1275) (end 2.54 10.81) (angle 180) (layer F.SilkS) (width 0.127))
    (fp_arc (start -2.54 11.7625) (end -2.54 12.08) (angle 180) (layer F.SilkS) (width 0.127))
    (fp_line (start 2.54 6.365) (end 2.54 5.095) (layer F.SilkS) (width 0.127))
    (fp_arc (start -2.54 2.2375) (end -2.54 2.555) (angle 180) (layer F.SilkS) (width 0.127))
    (fp_line (start -2.54 1.92) (end 2.54 2.555) (layer F.SilkS) (width 0.127))
    (fp_line (start -2.54 6.365) (end -2.54 8.27) (layer F.SilkS) (width 0.127))
    (fp_arc (start -2.54 2.8725) (end -2.54 3.19) (angle 180) (layer F.SilkS) (width 0.127))
    (fp_line (start 2.54 12.08) (end 2.54 11.445) (layer F.SilkS) (width 0.127))
    (fp_line (start 2.54 4.46) (end 2.54 3.825) (layer F.SilkS) (width 0.127))
    (fp_arc (start 2.54 2.8725) (end 2.54 2.555) (angle 180) (layer F.SilkS) (width 0.127))
    (fp_line (start 2.54 1.92) (end -2.54 1.92) (layer F.SilkS) (width 0.127))
    (fp_line (start -2.54 3.19) (end -2.54 3.825) (layer F.SilkS) (width 0.127))
    (fp_line (start -2.54 10.81) (end -2.54 11.445) (layer F.SilkS) (width 0.127))
    (fp_line (start 2.54 10.81) (end 2.54 9.54) (layer F.SilkS) (width 0.127))
    (fp_line (start 2.54 8.905) (end 2.54 7) (layer F.SilkS) (width 0.127))
    (fp_arc (start -2.54 4.1425) (end -2.54 4.46) (angle 180) (layer F.SilkS) (width 0.127))
    (fp_arc (start -2.54 8.5875) (end -2.54 8.905) (angle 180) (layer F.SilkS) (width 0.127))
    (fp_arc (start -2.54 10.4925) (end -2.54 10.81) (angle 180) (layer F.SilkS) (width 0.127))
    (fp_arc (start 2.54 4.7775) (end 2.54 4.46) (angle 180) (layer F.SilkS) (width 0.127))
    (fp_line (start -2.54 8.905) (end 2.54 9.54) (layer F.SilkS) (width 0.127))
    (fp_circle (center 4.9213 4.6188) (end 5.1457 4.6188) (layer F.Fab) (width 0.4064))
    (fp_line (start -2.54 3.19) (end 2.54 3.825) (layer F.SilkS) (width 0.127))
    (fp_line (start -2.54 11.445) (end 2.54 12.08) (layer F.SilkS) (width 0.127))
    (fp_line (start -2.54 5.73) (end 2.54 6.365) (layer F.SilkS) (width 0.127))
    (fp_line (start -2.54 6.365) (end 2.54 7) (layer F.SilkS) (width 0.127))
    (fp_line (start -2.54 2.555) (end 2.54 3.19) (layer F.SilkS) (width 0.127))
    (fp_line (start -2.54 8.27) (end 2.54 8.905) (layer F.SilkS) (width 0.127))
    (fp_line (start -2.54 10.175) (end 2.54 10.81) (layer F.SilkS) (width 0.127))
    (fp_line (start -2.54 4.46) (end 2.54 5.095) (layer F.SilkS) (width 0.127))
    (fp_line (start -2.54 10.81) (end 2.54 11.445) (layer F.SilkS) (width 0.127))
    (fp_line (start -2.54 3.825) (end 2.54 4.46) (layer F.SilkS) (width 0.127))
    (fp_circle (center 4.7625 1.92) (end 4.9869 1.92) (layer F.Fab) (width 0.4064))
    (pad C1B thru_hole circle (at 3.81 5.73) (size 1.778 1.778) (drill 0.6) (layers *.Cu *.Mask)
      (solder_mask_margin 0.1016))
    (pad C1A thru_hole circle (at -3.81 10.81) (size 1.778 1.778) (drill 0.6) (layers *.Cu *.Mask)
      (solder_mask_margin 0.1016))
    (pad C2B thru_hole circle (at 3.81 3.19) (size 1.778 1.778) (drill 0.6) (layers *.Cu *.Mask)
      (solder_mask_margin 0.1016))
    (pad C2A thru_hole circle (at -3.81 8.27) (size 1.778 1.778) (drill 0.6) (layers *.Cu *.Mask)
      (solder_mask_margin 0.1016))
  )

  (module Connector_PinHeader_2.54mm:PinHeader_1x03_P2.54mm_Vertical (layer F.Cu) (tedit 59FED5CC) (tstamp 6394B64E)
    (at 145.5 130.9)
    (descr "Through hole straight pin header, 1x03, 2.54mm pitch, single row")
    (tags "Through hole pin header THT 1x03 2.54mm single row")
    (path /639440FF)
    (fp_text reference J4 (at 0 -2.33) (layer F.SilkS)
      (effects (font (size 1 1) (thickness 0.15)))
    )
    (fp_text value Conn_01x03_Female (at 0 7.41) (layer F.Fab) hide
      (effects (font (size 1 1) (thickness 0.15)))
    )
    (fp_line (start -0.635 -1.27) (end 1.27 -1.27) (layer F.Fab) (width 0.1))
    (fp_line (start 1.27 -1.27) (end 1.27 6.35) (layer F.Fab) (width 0.1))
    (fp_line (start 1.27 6.35) (end -1.27 6.35) (layer F.Fab) (width 0.1))
    (fp_line (start -1.27 6.35) (end -1.27 -0.635) (layer F.Fab) (width 0.1))
    (fp_line (start -1.27 -0.635) (end -0.635 -1.27) (layer F.Fab) (width 0.1))
    (fp_line (start -1.33 6.41) (end 1.33 6.41) (layer F.SilkS) (width 0.12))
    (fp_line (start -1.33 1.27) (end -1.33 6.41) (layer F.SilkS) (width 0.12))
    (fp_line (start 1.33 1.27) (end 1.33 6.41) (layer F.SilkS) (width 0.12))
    (fp_line (start -1.33 1.27) (end 1.33 1.27) (layer F.SilkS) (width 0.12))
    (fp_line (start -1.33 0) (end -1.33 -1.33) (layer F.SilkS) (width 0.12))
    (fp_line (start -1.33 -1.33) (end 0 -1.33) (layer F.SilkS) (width 0.12))
    (fp_line (start -1.8 -1.8) (end -1.8 6.85) (layer F.CrtYd) (width 0.05))
    (fp_line (start -1.8 6.85) (end 1.8 6.85) (layer F.CrtYd) (width 0.05))
    (fp_line (start 1.8 6.85) (end 1.8 -1.8) (layer F.CrtYd) (width 0.05))
    (fp_line (start 1.8 -1.8) (end -1.8 -1.8) (layer F.CrtYd) (width 0.05))
    (fp_text user %R (at 0 2.54 90) (layer F.Fab)
      (effects (font (size 1 1) (thickness 0.15)))
    )
    (pad 1 thru_hole rect (at 0 0) (size 1.7 1.7) (drill 1) (layers *.Cu *.Mask))
    (pad 2 thru_hole oval (at 0 2.54) (size 1.7 1.7) (drill 1) (layers *.Cu *.Mask))
    (pad 3 thru_hole oval (at 0 5.08) (size 1.7 1.7) (drill 1) (layers *.Cu *.Mask))
    (model ${KISYS3DMOD}/Connector_PinHeader_2.54mm.3dshapes/PinHeader_1x03_P2.54mm_Vertical.wrl
      (at (xyz 0 0 0))
      (scale (xyz 1 1 1))
      (rotate (xyz 0 0 0))
    )
  )

  (module "Xenir:Capacitor 1206" (layer B.Cu) (tedit 5EAEEA25) (tstamp 6394B63C)
    (at 171.4 133.8 90)
    (path /5E9E667F)
    (fp_text reference C2 (at 0 -0.5 90) (layer B.SilkS)
      (effects (font (size 0.5 0.5) (thickness 0.125)) (justify mirror))
    )
    (fp_text value 150pF (at 0.5 -4 90) (layer B.Fab)
      (effects (font (size 0.5 0.5) (thickness 0.125)) (justify mirror))
    )
    (fp_text user %R (at 0 -2.25 90) (layer B.Fab)
      (effects (font (size 0.8 0.8) (thickness 0.12)) (justify mirror))
    )
    (fp_line (start -1.6 -3.05) (end -1.6 -1.45) (layer B.Fab) (width 0.1))
    (fp_line (start 2.28 -1.13) (end 2.28 -3.37) (layer B.CrtYd) (width 0.05))
    (fp_line (start -1.6 -1.45) (end 1.6 -1.45) (layer B.Fab) (width 0.1))
    (fp_line (start -2.28 -3.37) (end -2.28 -1.13) (layer B.CrtYd) (width 0.05))
    (fp_line (start -0.602064 -1.34) (end 0.602064 -1.34) (layer B.SilkS) (width 0.12))
    (fp_line (start -0.602064 -3.16) (end 0.602064 -3.16) (layer B.SilkS) (width 0.12))
    (fp_line (start -2.28 -1.13) (end 2.28 -1.13) (layer B.CrtYd) (width 0.05))
    (fp_line (start 2.28 -3.37) (end -2.28 -3.37) (layer B.CrtYd) (width 0.05))
    (fp_line (start 1.6 -3.05) (end -1.6 -3.05) (layer B.Fab) (width 0.1))
    (fp_line (start 1.6 -1.45) (end 1.6 -3.05) (layer B.Fab) (width 0.1))
    (pad 2 smd roundrect (at 1.4 -2.25 90) (size 1.25 1.75) (layers B.Cu B.Paste B.Mask) (roundrect_rratio 0.2))
    (pad 1 smd roundrect (at -1.4 -2.25 90) (size 1.25 1.75) (layers B.Cu B.Paste B.Mask) (roundrect_rratio 0.2))
  )

  (module "Xenir:Capacitor 1206" (layer B.Cu) (tedit 5EAEEA25) (tstamp 6394B62A)
    (at 126.9 137.35)
    (path /5E9E8D24)
    (fp_text reference C3 (at 0 -0.5) (layer B.SilkS)
      (effects (font (size 0.5 0.5) (thickness 0.125)) (justify mirror))
    )
    (fp_text value 5pF (at 0.5 -4) (layer B.Fab)
      (effects (font (size 0.5 0.5) (thickness 0.125)) (justify mirror))
    )
    (fp_line (start 1.6 -1.45) (end 1.6 -3.05) (layer B.Fab) (width 0.1))
    (fp_line (start 1.6 -3.05) (end -1.6 -3.05) (layer B.Fab) (width 0.1))
    (fp_line (start 2.28 -3.37) (end -2.28 -3.37) (layer B.CrtYd) (width 0.05))
    (fp_line (start -2.28 -1.13) (end 2.28 -1.13) (layer B.CrtYd) (width 0.05))
    (fp_line (start -0.602064 -3.16) (end 0.602064 -3.16) (layer B.SilkS) (width 0.12))
    (fp_line (start -0.602064 -1.34) (end 0.602064 -1.34) (layer B.SilkS) (width 0.12))
    (fp_line (start -2.28 -3.37) (end -2.28 -1.13) (layer B.CrtYd) (width 0.05))
    (fp_line (start -1.6 -1.45) (end 1.6 -1.45) (layer B.Fab) (width 0.1))
    (fp_line (start 2.28 -1.13) (end 2.28 -3.37) (layer B.CrtYd) (width 0.05))
    (fp_line (start -1.6 -3.05) (end -1.6 -1.45) (layer B.Fab) (width 0.1))
    (fp_text user %R (at 0 -2.25) (layer B.Fab)
      (effects (font (size 0.8 0.8) (thickness 0.12)) (justify mirror))
    )
    (pad 1 smd roundrect (at -1.4 -2.25) (size 1.25 1.75) (layers B.Cu B.Paste B.Mask) (roundrect_rratio 0.2))
    (pad 2 smd roundrect (at 1.4 -2.25) (size 1.25 1.75) (layers B.Cu B.Paste B.Mask) (roundrect_rratio 0.2))
  )

  (module "Xenir:Capacitor 1206" (layer B.Cu) (tedit 5EAEEA25) (tstamp 6394B619)
    (at 133.45 133.8 90)
    (path /5E9E7736)
    (fp_text reference C5 (at 0 -0.5 90) (layer B.SilkS)
      (effects (font (size 0.5 0.5) (thickness 0.125)) (justify mirror))
    )
    (fp_text value 150pF (at 0.5 -4 90) (layer B.Fab)
      (effects (font (size 0.5 0.5) (thickness 0.125)) (justify mirror))
    )
    (fp_line (start 1.6 -1.45) (end 1.6 -3.05) (layer B.Fab) (width 0.1))
    (fp_line (start 1.6 -3.05) (end -1.6 -3.05) (layer B.Fab) (width 0.1))
    (fp_line (start 2.28 -3.37) (end -2.28 -3.37) (layer B.CrtYd) (width 0.05))
    (fp_line (start -2.28 -1.13) (end 2.28 -1.13) (layer B.CrtYd) (width 0.05))
    (fp_line (start -0.602064 -3.16) (end 0.602064 -3.16) (layer B.SilkS) (width 0.12))
    (fp_line (start -0.602064 -1.34) (end 0.602064 -1.34) (layer B.SilkS) (width 0.12))
    (fp_line (start -2.28 -3.37) (end -2.28 -1.13) (layer B.CrtYd) (width 0.05))
    (fp_line (start -1.6 -1.45) (end 1.6 -1.45) (layer B.Fab) (width 0.1))
    (fp_line (start 2.28 -1.13) (end 2.28 -3.37) (layer B.CrtYd) (width 0.05))
    (fp_line (start -1.6 -3.05) (end -1.6 -1.45) (layer B.Fab) (width 0.1))
    (fp_text user %R (at 0 -2.25 90) (layer B.Fab)
      (effects (font (size 0.8 0.8) (thickness 0.12)) (justify mirror))
    )
    (pad 1 smd roundrect (at -1.4 -2.25 90) (size 1.25 1.75) (layers B.Cu B.Paste B.Mask) (roundrect_rratio 0.2))
    (pad 2 smd roundrect (at 1.4 -2.25 90) (size 1.25 1.75) (layers B.Cu B.Paste B.Mask) (roundrect_rratio 0.2))
  )

  (module "Xenir:Capacitor 1206" (layer B.Cu) (tedit 5EAEEA25) (tstamp 6394B603)
    (at 179.95 133.8 90)
    (path /5E9E7736)
    (fp_text reference C5 (at 0 -0.5 90) (layer B.SilkS)
      (effects (font (size 0.5 0.5) (thickness 0.125)) (justify mirror))
    )
    (fp_text value 150pF (at 0.5 -4 90) (layer B.Fab)
      (effects (font (size 0.5 0.5) (thickness 0.125)) (justify mirror))
    )
    (fp_text user %R (at 0 -2.25 90) (layer B.Fab)
      (effects (font (size 0.8 0.8) (thickness 0.12)) (justify mirror))
    )
    (fp_line (start -1.6 -3.05) (end -1.6 -1.45) (layer B.Fab) (width 0.1))
    (fp_line (start 2.28 -1.13) (end 2.28 -3.37) (layer B.CrtYd) (width 0.05))
    (fp_line (start -1.6 -1.45) (end 1.6 -1.45) (layer B.Fab) (width 0.1))
    (fp_line (start -2.28 -3.37) (end -2.28 -1.13) (layer B.CrtYd) (width 0.05))
    (fp_line (start -0.602064 -1.34) (end 0.602064 -1.34) (layer B.SilkS) (width 0.12))
    (fp_line (start -0.602064 -3.16) (end 0.602064 -3.16) (layer B.SilkS) (width 0.12))
    (fp_line (start -2.28 -1.13) (end 2.28 -1.13) (layer B.CrtYd) (width 0.05))
    (fp_line (start 2.28 -3.37) (end -2.28 -3.37) (layer B.CrtYd) (width 0.05))
    (fp_line (start 1.6 -3.05) (end -1.6 -3.05) (layer B.Fab) (width 0.1))
    (fp_line (start 1.6 -1.45) (end 1.6 -3.05) (layer B.Fab) (width 0.1))
    (pad 2 smd roundrect (at 1.4 -2.25 90) (size 1.25 1.75) (layers B.Cu B.Paste B.Mask) (roundrect_rratio 0.2))
    (pad 1 smd roundrect (at -1.4 -2.25 90) (size 1.25 1.75) (layers B.Cu B.Paste B.Mask) (roundrect_rratio 0.2))
  )

  (module Xenir:PCB-SMA-EDGE (layer F.Cu) (tedit 6390BCD2) (tstamp 6394B5F6)
    (at 147.01524 128.2695)
    (path /6393CE58)
    (fp_text reference J2 (at -0.75 0.75) (layer F.SilkS)
      (effects (font (size 1 1) (thickness 0.15)))
    )
    (fp_text value PCB_SMA_EDGE (at -4.65836 5.10032 90) (layer F.Fab) hide
      (effects (font (size 1 1) (thickness 0.15)))
    )
    (fp_line (start 2.7686 1.5) (end 2.77114 8.75) (layer F.CrtYd) (width 0.05))
    (fp_line (start 2.7686 1.5) (end -3 1.5) (layer F.CrtYd) (width 0.05))
